ADLITTLE
   56  138
   1  2  3  4  5  6  7  8  9  10  11  12  13  14  15  16  17  18  19  20  21  22
   23  24  25  26  27  28  29  30  31  32  33  34  35  36  37  38  39  40  41
   42  46  50  51  57  61  65  70  72  74  76  79  82  84  86  88  91  94  97
   100  103  106  109  112  115  118  121  124  127  130  133  138  140  143
   145  148  151  154  157  160  163  166  169  170  176  182  185  188  191
   198  204  210  214  217  220  222  226  230  238  246  254  265  276  279
   282  284  286  292  298  302  306  310  316  318  326  334  342  353  364
   368  372  375  378  384  387  389  391  393  395  397  399  404  411  413
   414  416  423  425
   1  3  4  5  6  7  8  9  11  12  13  14  15  16  17  18  19  20  21  22  23
   24  26  27  29  30  34  35  37  38  39  41  45  46  47  48  51  52  53  55
   56  1  4  5  55  1  4  5  55  1  5  30  49  52  53  55  34  35  40  51  35
   40  46  51  6  30  49  52  53  6  38  6  50  31  42  32  43  56  33  44  56
   7  31  7  32  7  33  8  31  42  8  32  43  8  33  44  9  31  42  9  32  43  9
   33  44  11  31  42  11  32  43  11  33  44  12  31  42  12  32  43  12  33
   44  13  31  42  13  32  43  13  33  44  14  30  49  52  53  14  38  17  31
   42  14  50  17  32  43  17  33  44  15  31  42  15  32  43  15  33  44  16
   31  42  16  32  43  16  33  44  10  2  3  10  28  34  54  2  3  10  28  46
   54  18  31  42  18  32  43  18  33  44  1  6  14  20  28  50  54  1  14  20
   28  50  54  1  14  20  28  50  54  26  28  50  54  28  50  54  3  21  50  21
   37  1  14  29  55  14  29  47  55  2  3  10  22  28  34  50  54  2  3  10  22
   28  46  50  54  19  28  31  34  35  50  54  55  1  6  19  27  28  32  34  35
   50  54  55  1  6  24  27  28  33  34  35  50  54  55  28  34  54  28  35  54
   35  48  35  50  28  34  35  36  37  54  28  35  36  37  46  54  6  35  39  55
   35  39  46  55  34  35  39  55  22  28  34  41  50  54  41  46  22  28  34
   35  40  50  51  54  22  28  35  40  46  50  51  54  19  28  35  42  46  50
   54  55  1  6  19  27  28  35  43  46  50  54  55  1  6  24  27  28  35  44
   46  50  54  55  5  45  47  55  5  45  47  55  5  45  55  28  46  54  30  47
   49  52  53  55  2  3  10  28  54  28  54  36  37  40  51  49  52  49  53  30
   49  52  53  55  5  23  28  47  50  54  55  38  55  55  48  55  5  25  28  47
   50  54  55  50  55
     1.0000000000000    1.0000000000000    1.0000000000000    1.0000000000000
     1.0000000000000    1.0000000000000    1.0000000000000    1.0000000000000
     1.0000000000000    1.0000000000000    1.0000000000000    1.0000000000000
     1.0000000000000    1.0000000000000    1.0000000000000    1.0000000000000
     1.0000000000000    1.0000000000000    1.0000000000000    1.0000000000000
     1.0000000000000    1.0000000000000    1.0000000000000    1.0000000000000
     1.0000000000000    1.0000000000000    1.0000000000000    1.0000000000000
     1.0000000000000    1.0000000000000    1.0000000000000    1.0000000000000
     1.0000000000000    1.0000000000000    1.0000000000000    1.0000000000000
    -1.0000000000000    1.0000000000000    1.0000000000000    1.0000000000000
     1.0000000000000   0.50600000000000    1.0000000000000   0.18200000000000
    0.31200000000000   0.63800000000000    1.0000000000000    5.0000000000000D-02
    0.31200000000000   -1.0000000000000   0.92000000000000    1.0000000000000
    -9.5000000000000   -4.2000000000000D-02   -6.3000000000000D-02
     8.0000000000000D-02   0.82500000000000   0.17500000000000    1.0000000000000
     16.000000000000   0.17500000000000    1.0000000000000   0.82500000000000
     21.000000000000    1.0000000000000    1.0000000000000    3.6000000000000
    -4.2000000000000D-02   -6.3000000000000D-02    1.0000000000000
     1.0000000000000    1.0000000000000  -0.80000000000000   -1.2300000000000
    0.23000000000000   -1.2300000000000   0.23000000000000    1.0000000000000
    -1.2300000000000   0.23000000000000    1.0000000000000    1.0000000000000
    -1.0000000000000    1.0000000000000   -1.0000000000000    1.0000000000000
    -1.0000000000000    1.0000000000000  -0.95000000000000   -5.0000000000000D-02
     1.0000000000000  -0.95000000000000   -5.0000000000000D-02    1.0000000000000
   -0.95000000000000   -5.0000000000000D-02    1.0000000000000  -0.79000000000000
   -0.21000000000000    1.0000000000000  -0.79000000000000  -0.21000000000000
     1.0000000000000  -0.79000000000000  -0.21000000000000    1.0000000000000
   -0.42000000000000  -0.58000000000000    1.0000000000000  -0.42000000000000
   -0.58000000000000    1.0000000000000  -0.42000000000000  -0.58000000000000
     1.0000000000000   -5.0000000000000D-02  -0.95000000000000    1.0000000000000
    -5.0000000000000D-02  -0.95000000000000    1.0000000000000   -5.0000000000000D-02
   -0.95000000000000    1.0000000000000  -0.26000000000000  -0.74000000000000
     1.0000000000000  -0.26000000000000  -0.74000000000000    1.0000000000000
   -0.26000000000000  -0.74000000000000    1.0000000000000    1.0000000000000
    -3.2000000000000   -4.2000000000000D-02   -6.3000000000000D-02
     1.0000000000000    1.0000000000000    1.0000000000000   0.26000000000000
    -1.2600000000000    1.0000000000000  -0.80000000000000    1.0000000000000
    0.26000000000000   -1.2600000000000    1.0000000000000   0.26000000000000
    -1.2600000000000    1.0000000000000   0.16000000000000   -1.1600000000000
     1.0000000000000   0.16000000000000   -1.1600000000000    1.0000000000000
    0.16000000000000   -1.1600000000000    1.0000000000000  -0.16000000000000
   -0.84000000000000    1.0000000000000  -0.16000000000000  -0.84000000000000
     1.0000000000000  -0.16000000000000  -0.84000000000000   -1.0000000000000
     1.0000000000000   0.79000000000000    37.000000000000   0.49400000000000
    0.50600000000000    2.2742400000000    1.0000000000000   0.53000000000000
     47.000000000000   0.49200000000000   0.50800000000000    2.2632000000000
     1.0000000000000   0.62000000000000   -1.6200000000000    1.0000000000000
    0.62000000000000   -1.6200000000000    1.0000000000000   0.62000000000000
    -1.6200000000000  -0.24700000000000   0.17260000000000  -0.31220000000000
     1.7830000000000   0.47030000000000   -9.2800000000000D-02    1.4001500000000
   -0.15700000000000  -0.23990000000000    1.0000000000000   0.42730000000000
    -3.6100000000000D-02    1.2040400000000  -0.15700000000000  -0.27890000000000
     1.0000000000000   0.46630000000000   -3.6100000000000D-02    1.4349800000000
     1.0000000000000   0.55000000000000  -0.52000000000000   0.60000000000000
     1.0000000000000   -1.0000000000000    1.8000000000000  -0.33000000000000
     1.0000000000000    1.7000000000000D-02    1.0000000000000  -0.33000000000000
    0.20000000000000   0.73000000000000    1.0000000000000    7.0000000000000D-02
    0.72000000000000    1.0000000000000   0.20000000000000    8.0000000000000D-02
     1.0000000000000   0.25000000000000    45.000000000000   0.87500000000000
    0.36750000000000   0.63250000000000    2.5360000000000D-02    1.6140000000000
     1.0000000000000   0.20000000000000    55.000000000000   0.87500000000000
    0.36500000000000   0.63500000000000    2.5380000000000D-02    1.5900000000000
     1.0000000000000  -0.82800000000000    1.0000000000000   -9.5000000000000D-02
    -2.0000000000000D-02    1.2000000000000D-02   -1.4200000000000
    -4.6700000000000D-02   -2.2000000000000D-03   -1.9200000000000D-02
     1.0000000000000   0.67900000000000  -0.80800000000000    1.0000000000000
    -9.5000000000000D-02   -2.0000000000000D-02    2.0500000000000D-02
    -1.8400000000000   -4.6700000000000D-02   -2.2000000000000D-03
    -1.9200000000000D-02    1.0000000000000   0.67900000000000  -0.80800000000000
     1.0000000000000   -9.5000000000000D-02   -2.0000000000000D-02
     2.0500000000000D-02   -1.8400000000000   -4.6700000000000D-02
    -1.0000000000000    1.0000000000000   -5.2000000000000   -1.0000000000000
     1.0000000000000   -6.7000000000000    1.0000000000000    1.0000000000000
     1.0000000000000  -0.80000000000000   0.48200000000000   0.49800000000000
     2.0000000000000D-02    1.0000000000000   0.79000000000000    2.2170000000000
    0.47400000000000    2.0000000000000D-02    1.0000000000000   0.53000000000000
    0.50600000000000    2.1800000000000    7.0000000000000D-02    1.0000000000000D-01
     1.0000000000000   0.83000000000000    7.0000000000000D-02    1.0000000000000
    0.33000000000000   0.60000000000000   0.33000000000000    7.0000000000000D-02
     1.0000000000000   0.60000000000000   0.62500000000000  -0.12500000000000
     1.1250000000000    1.0000000000000    1.8120000000000D-02  -0.65000000000000
     1.0000000000000    1.0000000000000    1.2500000000000  -0.25000000000000
     1.0312500000000   0.21875000000000    1.0000000000000    3.6250000000000D-02
     30.000000000000   -1.3656200000000    1.2500000000000  -0.25000000000000
    0.21875000000000    1.0000000000000    1.0312500000000    3.6250000000000D-02
     35.000000000000   -1.3837500000000    1.0720000000000  -0.70600000000000
    -2.7000000000000D-02    1.0000000000000  -0.12800000000000    1.2900000000000D-02
    -1.6100000000000  -0.12030000000000   -1.2000000000000D-03   -1.5900000000000D-02
     1.0720000000000   0.53400000000000  -0.69000000000000   -2.7000000000000D-02
     1.0000000000000  -0.12800000000000    1.9500000000000D-02   -1.8400000000000
   -0.12030000000000   -1.2000000000000D-03   -1.5900000000000D-02
     1.0000000000000   0.53400000000000  -0.69000000000000   -2.7000000000000D-02
     1.0000000000000  -0.12800000000000    1.9500000000000D-02   -1.8400000000000
   -0.12030000000000   0.18100000000000    1.0000000000000   0.11000000000000
    0.70900000000000    5.1000000000000D-02    1.0000000000000    5.5000000000000D-02
    0.89400000000000    3.6000000000000D-02    1.0000000000000   0.96400000000000
    -1.0000000000000    1.0000000000000   -5.3000000000000    1.0000000000000
    0.92000000000000  -10.1000000000000   -4.2000000000000D-02   -6.3000000000000D-02
     8.0000000000000D-02    1.0000000000000   0.40000000000000    45.000000000000
    -1.0000000000000   -4.3500000000000   -1.0000000000000   -2.1000000000000
     1.0000000000000   0.80000000000000    1.0000000000000    24.000000000000
    -64.300000000000    1.0000000000000   -27.400000000000    1.0000000000000
     1.0000000000000    9.1000000000000   -4.2000000000000D-02   -6.3000000000000D-02
     1.0000000000000  -0.36000000000000    1.0000000000000   -2.6000000000000D-02
   -0.13400000000000  -0.18200000000000  -0.17420000000000   0.82600000000000
     1.0000000000000    1.0000000000000    1.0000000000000    1.0000000000000
     1.0000000000000  -0.39600000000000    1.0000000000000   -2.9000000000000D-02
   -0.14700000000000  -0.11900000000000  -0.19400000000000   0.81000000000000
   -0.80000000000000    1.0000000000000
   0.    52.600000000000    22.700000000000    23.400000000000  0.  0.
     108.00000000000    50.000000000000    13.000000000000    2366.0000000000
     200.00000000000    265.00000000000    300.00000000000  0.    31.000000000000
     60.000000000000    134.00000000000    34.000000000000    413.00000000000
     41.500000000000    15.000000000000    20.600000000000    13.500000000000
     440.00000000000  0.    16.000000000000    290.00000000000   -524.90000000000
     3.1000000000000    9.1000000000000  0.  0.  0.  0.  0.    43.000000000000
     34.400000000000    15.600000000000    19.200000000000    44.900000000000
     6.1000000000000  0.  0.  0.    13.200000000000  0.  0.    31.200000000000
   0.    2.5000000000000    1080.0000000000  0.  0.   -1231.6000000000  0.
     107.00000000000
   0.  0.  0.  0.  0.  0.  0.  0.  0.  0.  0.  0.  0.  0.  0.  0.  0.  0.  0.
   0.  0.  0.  0.  0.  0.  0.  0.  0.  0.  0.  0.  0.  0.  0.  0.  0.  0.  0.
   0.  0.  0.   -3280.0000000000   -3280.0000000000    3310.0000000000
    -1890.0000000000  0.  0.   -1890.0000000000   -903.00000000000  0.
     432.00000000000    432.00000000000    432.00000000000    446.00000000000
     446.00000000000    446.00000000000    450.00000000000    450.00000000000
     450.00000000000    459.00000000000    459.00000000000    459.00000000000
     483.00000000000    483.00000000000    483.00000000000    500.00000000000
     500.00000000000    500.00000000000    493.00000000000    493.00000000000
     493.00000000000   -1890.0000000000   -903.00000000000    506.00000000000
   0.    506.00000000000    506.00000000000    505.00000000000    505.00000000000
     505.00000000000    499.00000000000    499.00000000000    499.00000000000
   0.  0.  0.    512.00000000000    512.00000000000    512.00000000000
     70.900000000000    39.800000000000    39.800000000000    2.0400000000000
   0.    1.8000000000000    1.8000000000000   -2600.0000000000   -2600.0000000000
    10.4000000000000   10.4000000000000    28.800000000000    43.400000000000
     30.400000000000  0.  0.   -1218.0000000000  0.  0.  0.   -1322.0000000000
    -1322.0000000000   -1322.0000000000   -1660.0000000000   -1670.0000000000
     14.800000000000    14.800000000000    28.800000000000    43.000000000000
     30.000000000000   -1763.0000000000   -1722.0000000000   -1680.0000000000
   0.   -1890.0000000000    1780.0000000000    1600.0000000000    903.00000000000
     1760.0000000000    2100.0000000000   1000.00000000000   1000.00000000000
    -1890.0000000000    92.100000000000   -903.00000000000    78.700000000000
    -1218.0000000000    15.600000000000  0.
   0.
   0.  0.  0.  0.  0.  0.  0.  0.  0.  0.  0.  0.  0.  0.  0.  0.  0.  0.  0.
   0.  0.  0.  0.  0.  0.  0.  0.  0.  0.  0.  0.  0.  0.  0.  0.  0.  0.  0.
   0.  0.  0.  0.  0.  0.  0.  0.  0.  0.  0.  0.  0.  0.  0.  0.  0.  0.  0.
   0.  0.  0.  0.  0.  0.  0.  0.  0.  0.  0.  0.  0.  0.  0.  0.  0.  0.  0.
   0.  0.  0.  0.  0.  0.  0.  0.  0.  0.  0.  0.  0.  0.  0.  0.  0.  0.  0.
   0.  0.  0.  0.  0.  0.  0.  0.  0.  0.  0.  0.  0.  0.  0.  0.  0.  0.  0.
   0.  0.  0.  0.  0.  0.  0.  0.  0.  0.  0.  0.  0.  0.  0.  0.  0.  0.  0.
   0.  0.  0.  0.  0.
     1.0000000000000D+20    1.0000000000000D+20    1.0000000000000D+20
     1.0000000000000D+20    1.0000000000000D+20    1.0000000000000D+20
     1.0000000000000D+20    1.0000000000000D+20    1.0000000000000D+20
     1.0000000000000D+20    1.0000000000000D+20    1.0000000000000D+20
     1.0000000000000D+20    1.0000000000000D+20    1.0000000000000D+20
     1.0000000000000D+20    1.0000000000000D+20    1.0000000000000D+20
     1.0000000000000D+20    1.0000000000000D+20    1.0000000000000D+20
     1.0000000000000D+20    1.0000000000000D+20    1.0000000000000D+20
     1.0000000000000D+20    1.0000000000000D+20    1.0000000000000D+20
     1.0000000000000D+20    1.0000000000000D+20    1.0000000000000D+20
     1.0000000000000D+20    1.0000000000000D+20    1.0000000000000D+20
     1.0000000000000D+20    1.0000000000000D+20    1.0000000000000D+20
     1.0000000000000D+20    1.0000000000000D+20    1.0000000000000D+20
     1.0000000000000D+20    1.0000000000000D+20    1.0000000000000D+20
     1.0000000000000D+20    1.0000000000000D+20    1.0000000000000D+20
     1.0000000000000D+20    1.0000000000000D+20    1.0000000000000D+20
     1.0000000000000D+20    1.0000000000000D+20    1.0000000000000D+20
     1.0000000000000D+20    1.0000000000000D+20    1.0000000000000D+20
     1.0000000000000D+20    1.0000000000000D+20    1.0000000000000D+20
     1.0000000000000D+20    1.0000000000000D+20    1.0000000000000D+20
     1.0000000000000D+20    1.0000000000000D+20    1.0000000000000D+20
     1.0000000000000D+20    1.0000000000000D+20    1.0000000000000D+20
     1.0000000000000D+20    1.0000000000000D+20    1.0000000000000D+20
     1.0000000000000D+20    1.0000000000000D+20    1.0000000000000D+20
     1.0000000000000D+20    1.0000000000000D+20    1.0000000000000D+20
     1.0000000000000D+20    1.0000000000000D+20    1.0000000000000D+20
     1.0000000000000D+20    1.0000000000000D+20    1.0000000000000D+20
     1.0000000000000D+20    1.0000000000000D+20    1.0000000000000D+20
     1.0000000000000D+20    1.0000000000000D+20    1.0000000000000D+20
     1.0000000000000D+20    1.0000000000000D+20    1.0000000000000D+20
     1.0000000000000D+20    1.0000000000000D+20    1.0000000000000D+20
     1.0000000000000D+20    1.0000000000000D+20    1.0000000000000D+20
     1.0000000000000D+20    1.0000000000000D+20    1.0000000000000D+20
     1.0000000000000D+20    1.0000000000000D+20    1.0000000000000D+20
     1.0000000000000D+20    1.0000000000000D+20    1.0000000000000D+20
     1.0000000000000D+20    1.0000000000000D+20    1.0000000000000D+20
     1.0000000000000D+20    1.0000000000000D+20    1.0000000000000D+20
     1.0000000000000D+20    1.0000000000000D+20    1.0000000000000D+20
     1.0000000000000D+20    1.0000000000000D+20    1.0000000000000D+20
     1.0000000000000D+20    1.0000000000000D+20    1.0000000000000D+20
     1.0000000000000D+20    1.0000000000000D+20    1.0000000000000D+20
     1.0000000000000D+20    1.0000000000000D+20    1.0000000000000D+20
     1.0000000000000D+20    1.0000000000000D+20    1.0000000000000D+20
     1.0000000000000D+20    1.0000000000000D+20    1.0000000000000D+20
     1.0000000000000D+20    1.0000000000000D+20    1.0000000000000D+20
     1.0000000000000D+20    1.0000000000000D+20    1.0000000000000D+20
