AFIRO   
   27  51
   1  2  3  4  5  6  7  8  9  10  11  12  13  14  15  16  17  18  19  20  24  26
   28  30  34  38  42  46  48  50  52  54  56  58  60  64  66  68  70  72  76
   80  84  88  90  92  94  96  98  100  102  103
   3  4  7  8  9  10  13  14  17  18  19  20  21  22  23  24  25  26  27  24  1
   2  3  4  1  22  1  26  2  25  5  6  7  25  5  6  8  25  5  6  9  25  5  6  10
   21  7  21  8  21  9  21  10  4  5  23  5  27  6  22  11  12  13  14  11  24
   11  21  11  26  12  23  15  16  17  23  15  16  18  23  15  16  19  23  15
   16  20  21  17  21  18  21  19  21  20  14  16  25  16  27  15  16
     1.0000000000000    1.0000000000000    1.0000000000000    1.0000000000000
     1.0000000000000    1.0000000000000    1.0000000000000    1.0000000000000
     1.0000000000000    1.0000000000000    1.0000000000000    1.0000000000000
     1.0000000000000    1.0000000000000    1.0000000000000    1.0000000000000
     1.0000000000000    1.0000000000000    1.0000000000000   0.30100000000000
    -1.0000000000000   -1.0600000000000    1.0000000000000   -1.0000000000000
     1.0000000000000   -1.0000000000000    1.0000000000000    1.0000000000000
     1.0000000000000   0.30100000000000   -1.0000000000000   -1.0600000000000
     1.0000000000000   0.31300000000000   -1.0000000000000   -1.0600000000000
     1.0000000000000   0.31300000000000   -1.0000000000000  -0.96000000000000
     1.0000000000000   0.32600000000000   -1.0000000000000  -0.86000000000000
     1.0000000000000    2.3640000000000   -1.0000000000000    2.3860000000000
    -1.0000000000000    2.4080000000000   -1.0000000000000    2.4290000000000
    -1.0000000000000    1.4000000000000    1.0000000000000   -1.0000000000000
     1.0000000000000    1.0000000000000    1.0000000000000   0.10900000000000
    -1.0000000000000  -0.43000000000000    1.0000000000000   -1.0000000000000
     1.0000000000000   -1.0000000000000    1.0000000000000   -1.0000000000000
     1.0000000000000    1.0000000000000    1.0000000000000   0.10900000000000
   -0.43000000000000    1.0000000000000    1.0000000000000   0.10800000000000
   -0.43000000000000    1.0000000000000    1.0000000000000   0.10800000000000
   -0.39000000000000    1.0000000000000    1.0000000000000   0.10700000000000
   -0.37000000000000    1.0000000000000    1.0000000000000    2.1910000000000
    -1.0000000000000    2.2190000000000   -1.0000000000000    2.2490000000000
    -1.0000000000000    2.2790000000000   -1.0000000000000    1.4000000000000
    -1.0000000000000   -1.0000000000000    1.0000000000000    1.0000000000000
     1.0000000000000    1.0000000000000
   0.  0.    80.000000000000  0.  0.  0.    80.000000000000  0.  0.  0.  0.  0.
     500.00000000000  0.  0.    44.000000000000    500.00000000000  0.  0.  0.
   0.  0.  0.  0.  0.    310.00000000000    300.00000000000
   0.  0.  0.  0.  0.  0.  0.  0.  0.  0.  0.  0.  0.  0.  0.  0.  0.  0.  0.
   0.  -0.40000000000000  0.  0.  0.  0.  0.  0.  0.  0.  0.  0.  -0.32000000000000
   0.  0.  0.  -0.60000000000000  0.  0.  0.  0.  0.  0.  0.  0.  0.  0.  0.
   -0.48000000000000  0.  0.   10.0000000000000
   0.
   0.  0.  0.  0.  0.  0.  0.  0.  0.  0.  0.  0.  0.  0.  0.  0.  0.  0.  0.
   0.  0.  0.  0.  0.  0.  0.  0.  0.  0.  0.  0.  0.  0.  0.  0.  0.  0.  0.
   0.  0.  0.  0.  0.  0.  0.  0.  0.  0.  0.  0.  0.
     1.0000000000000D+20    1.0000000000000D+20    1.0000000000000D+20
     1.0000000000000D+20    1.0000000000000D+20    1.0000000000000D+20
     1.0000000000000D+20    1.0000000000000D+20    1.0000000000000D+20
     1.0000000000000D+20    1.0000000000000D+20    1.0000000000000D+20
     1.0000000000000D+20    1.0000000000000D+20    1.0000000000000D+20
     1.0000000000000D+20    1.0000000000000D+20    1.0000000000000D+20
     1.0000000000000D+20    1.0000000000000D+20    1.0000000000000D+20
     1.0000000000000D+20    1.0000000000000D+20    1.0000000000000D+20
     1.0000000000000D+20    1.0000000000000D+20    1.0000000000000D+20
     1.0000000000000D+20    1.0000000000000D+20    1.0000000000000D+20
     1.0000000000000D+20    1.0000000000000D+20    1.0000000000000D+20
     1.0000000000000D+20    1.0000000000000D+20    1.0000000000000D+20
     1.0000000000000D+20    1.0000000000000D+20    1.0000000000000D+20
     1.0000000000000D+20    1.0000000000000D+20    1.0000000000000D+20
     1.0000000000000D+20    1.0000000000000D+20    1.0000000000000D+20
     1.0000000000000D+20    1.0000000000000D+20    1.0000000000000D+20
     1.0000000000000D+20    1.0000000000000D+20    1.0000000000000D+20
