alp|phi          65          70          75          80          85          90
      0  1.13446401  1.22173048  1.30899694  1.39626340  1.48352986  1.57079633
      2  1.13423517  1.22145628  1.30867442  1.39589024  1.48310448  1.57031792
      4  1.13354929  1.22063443  1.30770767  1.39477165  1.48182929  1.56888372
      6  1.13240837  1.21926717  1.30609916  1.39291030  1.47970716  1.56649679
      8  1.13081573  1.21735820  1.30385297  1.39031062  1.47674288  1.56316223

     10  1.12877602  1.21491274  1.30097484  1.38697886  1.47294312  1.55888720
     12  1.12629522  1.21193748  1.29747215  1.38292302  1.46831652  1.55368089
     14  1.12338066  1.20844065  1.29335393  1.37815292  1.46287363  1.54755458
     16  1.12004099  1.20443195  1.28863089  1.37268017  1.45662693  1.54052157
     18  1.11628624  1.19992262  1.28331541  1.36651823  1.44959085  1.53259729

     20  1.11212778  1.19492542  1.27742153  1.35968233  1.44178179  1.52379921
     22  1.10757834  1.18945465  1.27096502  1.35218961  1.43321813  1.51414692
     24  1.10265204  1.18352618  1.26396337  1.34405903  1.42392023  1.50366214
     26  1.09736439  1.17715743  1.25643578  1.33531146  1.41391049  1.49236871
     28  1.09173228  1.17036745  1.24840326  1.32596967  1.40321335  1.48029266

     30  1.08577404  1.16317686  1.23988858  1.31605840  1.39185532  1.46746221
     32  1.07950942  1.15560796  1.23091635  1.30560436  1.37986503  1.45390780
     34  1.07295961  1.14768469  1.22151305  1.29463629  1.36727328  1.43966215
     36  1.06614728  1.13943273  1.21170705  1.28318499  1.35411306  1.42476031
     38  1.05909660  1.13087946  1.20152870  1.27128343  1.34041965  1.40923972

     40  1.05183322  1.12205408  1.19101036  1.25896675  1.32623066  1.39314025
     42  1.04438435  1.11298760  1.18018648  1.24627240  1.31158614  1.37650433
     44  1.03677875  1.10371291  1.16909366  1.23324019  1.29652865  1.35937700
     46  1.02904677  1.09426484  1.15777077  1.21991241  1.28110340  1.34180606
     48  1.02122034  1.08468023  1.14625899  1.20633398  1.26535837  1.32384218

     50  1.01333305  1.07499796  1.13460200  1.19255255  1.24934449  1.30553909
     52  1.00542010  1.06525908  1.12284604  1.17861873  1.23311580  1.28695374
     54  0.99751835  1.05550682  1.11104010  1.16458621  1.21672971  1.26814653
     56  0.98966632  1.04578671  1.09923604  1.15051210  1.20024724  1.24918162
     58  0.98190414  1.03614664  1.08748883  1.13645710  1.18373339  1.23012722

     60  0.97427354  1.02663689  1.07585669  1.12248590  1.16725747  1.21105603
     62  0.96681780  1.01731023  1.06440132  1.10866752  1.15089364  1.19204568
     64  0.95958158  1.00822192  1.05318814  1.09507580  1.13472145  1.17317938
     66  0.95261084  0.99942966  1.04228653  1.08178986  1.11882657  1.15454668
     68  0.94595256  0.99099354  1.03176998  1.06889476  1.10330172  1.13624436

     70  0.93965447  0.98297583  1.02171633  1.05648221  1.08824773  1.11837774
     72  0.93376462  0.97544068  1.01220781  1.04465133  1.07377504  1.10106217
     74  0.92833088  0.96845360  1.00333091  1.03350952  1.06000556  1.08442522
     76  0.92340024  0.96208074  0.99517605  1.02317331  1.04707504  1.06860953
     78  0.91901802  0.95638776  0.98783670  1.01376904  1.03513640  1.05377692

     80  0.91522691  0.95143847  0.98140781  1.00543295  1.02436393  1.04011440
     82  0.91206588  0.94729297  0.97598330  0.99831000  1.01495896  1.02784362
     84  0.90956905  0.94400544  0.97165228  0.99255019  1.00715650  1.01723692
     86  0.90776445  0.94162171  0.96849392  0.98830025  1.00123026  1.00864796
     88  0.90667305  0.94017677  0.96657142  0.98568915  0.99748392  1.00258409

     90  0.90630779  0.93969262  0.96592583  0.98480775  0.99619470  1.00000000

alp|phi          65          70          75          80          85          90
      5  1.13303553  1.22001878  1.30698342  1.39393358  1.48087384  1.56780907
     15  1.12176337  1.20649962  1.29106728  1.37550358  1.45984990  1.54415050
     25  1.10005236  1.18039569  1.26026405  1.33976099  1.41900286  1.49811493
     35  1.06958479  1.14359813  1.21665853  1.28896903  1.36076208  1.43229097
     45  1.03292660  1.09900829  1.16345846  1.22661050  1.28885906  1.35064388

     55  0.99358365  1.05063981  1.10513447  1.15755065  1.20849656  1.25867962
     65  0.95606011  1.00378508  1.04769389  1.08838943  1.12673373  1.16382796
     75  0.92579979  0.96518626  0.99915744  1.02823305  1.05342632  1.07640511
     85  0.90857873  0.94269813  0.96992212  0.99022779  1.00394027  1.01266351
