alp|phi          65          70          75          80          85          90
      0  1.13446401  1.22173048  1.30899694  1.39626340  1.48352986  1.57079633
      2  1.13469294  1.22200477  1.30931959  1.39663672  1.48395543  1.57127495
      4  1.13537994  1.22282810  1.31028822  1.39775763  1.48523342  1.57271243
      6  1.13652576  1.22420180  1.31190491  1.39962909  1.48736769  1.57511361
      8  1.13813158  1.22612810  1.31417314  1.40225598  1.49036470  1.57848658

     10  1.14019906  1.22861010  1.31709778  1.40564522  1.49423361  1.58284280
     12  1.14273032  1.23165180  1.32068514  1.40980577  1.49898627  1.58819721
     14  1.14572789  1.23525808  1.32494296  1.41474871  1.50463742  1.59456834
     16  1.14919471  1.23943470  1.32988047  1.42048728  1.51120474  1.60197853
     18  1.15313409  1.24418827  1.33550840  1.42703700  1.51870904  1.61045415

     20  1.15754967  1.24952627  1.34183901  1.43441578  1.52717445  1.62002590
     22  1.16244535  1.25545700  1.34888616  1.44264399  1.53662865  1.63072910
     24  1.16782525  1.26198957  1.35666531  1.45174466  1.54710309  1.64260414
     26  1.17369362  1.26913385  1.36519359  1.46174360  1.55863334  1.65569693
     28  1.18005472  1.27690045  1.37448981  1.47266958  1.57125942  1.67005943

     30  1.18691274  1.28530059  1.38457455  1.48455455  1.58502624  1.68575035
     32  1.19427162  1.29434605  1.39547013  1.49743384  1.59998406  1.70283594
     34  1.20213489  1.30404906  1.40720064  1.51134644  1.61618906  1.72139083
     36  1.21050542  1.31442210  1.41979198  1.52633523  1.63370398  1.74149923
     38  1.21938520  1.32547772  1.43327179  1.54244734  1.65259894  1.76325618

     40  1.22877499  1.33722824  1.44766938  1.55973441  1.67295226  1.78676913
     42  1.23867392  1.34968545  1.46301565  1.57825301  1.69485156  1.81215985
     44  1.24907904  1.36286013  1.47934287  1.59806493  1.71839498  1.83956672
     46  1.25998475  1.37676148  1.49668438  1.61923762  1.74369264  1.86914755
     48  1.27138210  1.39139640  1.51507416  1.64184453  1.77086836  1.90108303

     50  1.28325798  1.40676855  1.53454619  1.66596542  1.80006176  1.93558110
     52  1.29559414  1.42287717  1.55513354  1.69168665  1.83143068  1.97288227
     54  1.30836604  1.43971560  1.57686709  1.71910125  1.86515414  2.01326657
     56  1.32154149  1.45726934  1.59977378  1.74830880  1.90143590  2.05706232
     58  1.33507910  1.47551372  1.62387409  1.77941482  1.94050873  2.10465766

     60  1.34892643  1.49441087  1.64917867  1.81252953  1.98263957  2.15651565
     62  1.36301803  1.51390609  1.67568359  1.84776547  2.02813570  2.21319469
     64  1.37727323  1.53392332  1.70336398  1.88523335  2.07735219  2.27537643
     66  1.39159384  1.55435972  1.73216516  1.92503509  2.13070051  2.34390472
     68  1.40586195  1.57507940  1.76199085  1.96725237  2.18865839  2.41984165

     70  1.41993796  1.59590624  1.79268736  2.01192798  2.25177995  2.50455008
     72  1.43365925  1.61661644  1.82402292  2.05903582  2.32070416  2.59981973
     74  1.44684001  1.63693134  1.85566175  2.10843282  2.39615610  2.70806761
     76  1.45927266  1.65651218  1.88713308  2.15978295  2.47892739  2.83267258
     78  1.47073163  1.67495873  1.91779814  2.21243977  2.56980281  2.97856895

     80  1.48098006  1.69181489  1.94682231  2.26527326  2.66935045  3.15338525
     82  1.48977975  1.70658456  1.97316665  2.31643896  2.77736748  3.36986803
     84  1.49690410  1.71876033  1.99562118  2.36313736  2.89146664  3.65185597
     86  1.50215336  1.72786543  2.01290452  2.40153358  3.00370926  4.05275817
     88  1.50537033  1.73350464  2.02384126  2.42718003  3.09448898  4.74271727

     90  1.50645424  1.73541516  2.02758942  2.43624605  3.13130133         inf

alp|phi          65          70          75          80          85          90
      5  1.13589544  1.22344604  1.31101537  1.39859928  1.48619317  1.57379213
     15  1.14740244  1.23727471  1.32732612  1.41751762  1.50780533  1.59814200
     25  1.17069811  1.26548460  1.36083467  1.45663012  1.55273384  1.64899522
     35  1.20625660  1.30915104  1.41338702  1.51870347  1.62477858  1.73124518
     45  1.25446980  1.36971948  1.48788472  1.60847673  1.73081713  1.85407468

     55  1.31490567  1.44840433  1.58817233  1.73347444  1.88296142  2.03471531
     65  1.38443224  1.54409676  1.71762935  1.90483674  2.10348169  2.30878680
     75  1.45316359  1.64683711  1.87145396  2.13389514  2.43657614  2.76806315
     85  1.49977411  1.72372395  2.00498776  2.38364709  2.94868875  3.83174200
