alp|phi          35          40          45          50          55          60
      0  0.61086524  0.69813170  0.78539816  0.87266463  0.95993109  1.04719755
      2  0.61082230  0.69806905  0.78531125  0.87254883  0.95978184  1.04701051
      4  0.61069365  0.69788136  0.78505085  0.87220183  0.95933459  1.04644996
      6  0.61047983  0.69756935  0.78461792  0.87162487  0.95859083  1.04551764
      8  0.61018171  0.69713427  0.78401409  0.87081998  0.95755301  1.04421646

     10  0.60980055  0.69657784  0.78324162  0.86979001  0.95622460  1.04255047
     12  0.60933793  0.69590226  0.78230343  0.86853863  0.95461005  1.04052491
     14  0.60879577  0.69511023  0.78120308  0.86707031  0.95271478  1.03814615
     16  0.60817636  0.69420492  0.77994473  0.86539034  0.95054522  1.03542177
     18  0.60748229  0.69318999  0.77853323  0.86350481  0.94810878  1.03236049

     20  0.60671652  0.69206953  0.77697402  0.86142062  0.94541386  1.02897221
     22  0.60588229  0.69084814  0.77527316  0.85914545  0.94246984  1.02526804
     24  0.60498319  0.68953083  0.77343735  0.85668781  0.93928709  1.02126023
     26  0.60402308  0.68812308  0.77147387  0.85405695  0.93587699  1.01696224
     28  0.60300616  0.68663077  0.76939059  0.85126295  0.93225186  1.01238873

     30  0.60193687  0.68506023  0.76719599  0.84831663  0.92842504  1.00755556
     32  0.60081994  0.68341817  0.76489908  0.84522958  0.92441083  1.00247977
     34  0.59966035  0.68171170  0.76250947  0.84201414  0.92022452  0.99717966
     36  0.59846332  0.67994830  0.76003726  0.83868340  0.91588234  0.99167469
     38  0.59723432  0.67813578  0.75749309  0.83525115  0.91140150  0.98598560

     40  0.59597897  0.67628229  0.75488809  0.83173189  0.90680017  0.98013430
     42  0.59470312  0.67439630  0.75223383  0.82814080  0.90209742  0.97414397
     44  0.59341278  0.67248651  0.74954234  0.82449369  0.89731325  0.96803899
     46  0.59211406  0.67056191  0.74682605  0.82080700  0.89246857  0.96184497
     48  0.59081324  0.66863167  0.74409772  0.81709775  0.88758513  0.95558873

     50  0.58951664  0.66670515  0.74137047  0.81338346  0.88268551  0.94929830
     52  0.58823065  0.66479183  0.73865766  0.80968217  0.87779305  0.94300285
     54  0.58696171  0.66290130  0.73597286  0.80601229  0.87293184  0.93673272
     56  0.58571622  0.66104317  0.73332979  0.80239262  0.86812660  0.93051931
     58  0.58450056  0.65922707  0.73074229  0.79884217  0.86340261  0.92439505

     60  0.58332103  0.65746255  0.72822416  0.79538015  0.85878561  0.91839329
     62  0.58218382  0.65575905  0.72578915  0.79202582  0.85430169  0.91254821
     64  0.58109497  0.65412585  0.72345085  0.78879839  0.84997709  0.90689461
     66  0.58006032  0.65257197  0.72122260  0.78571685  0.84583811  0.90146778
     68  0.57908549  0.65110612  0.71911737  0.78279987  0.84191082  0.89630323

     70  0.57817584  0.64973667  0.71714767  0.78006562  0.83822090  0.89143642
     72  0.57733640  0.64847154  0.71532545  0.77753157  0.83479335  0.88690237
     74  0.57657189  0.64731812  0.71366196  0.77521434  0.83165223  0.88273530
     76  0.57588663  0.64628328  0.71216766  0.77312952  0.82882031  0.87896810
     78  0.57528450  0.64537322  0.71085210  0.77129143  0.82631879  0.87563185

     80  0.57476897  0.64459347  0.70972381  0.76971298  0.82416694  0.87275520
     82  0.57434302  0.64394879  0.70879019  0.76840544  0.82238177  0.87036381
     84  0.57400912  0.64344316  0.70805745  0.76737830  0.82097770  0.86847970
     86  0.57376921  0.64307973  0.70753050  0.76663912  0.81996631  0.86712068
     88  0.57362470  0.64286075  0.70721289  0.76619339  0.81935604  0.86629990

     90  0.57357644  0.64278761  0.70710678  0.76604444  0.81915204  0.86602540

alp|phi          35          40          45          50          55          60
      5  0.61059734  0.69774083  0.78485586  0.87194199  0.95899964  1.04603012
     15  0.60849557  0.69467152  0.78059337  0.86625642  0.95166385  1.03682664
     25  0.60451051  0.68883790  0.77247109  0.85539342  0.93760971  1.01914662
     35  0.59906618  0.68083664  0.76128304  0.84036234  0.91807186  0.99445151
     45  0.59276408  0.67152549  0.74818650  0.82265424  0.89489714  0.96495146

     55  0.58633563  0.66196758  0.73464524  0.80419500  0.87052066  0.93361692
     65  0.58057051  0.65333844  0.72232215  0.78723820  0.84788276  0.90415063
     75  0.57621910  0.64678548  0.71289304  0.77414195  0.83019625  0.88079972
     85  0.57387731  0.64324351  0.70776799  0.76697232  0.82042232  0.86773361
