alp|phi          35          40          45          50          55          60
      0  0.61086524  0.69813170  0.78539816  0.87266463  0.95993109  1.04719755
      2  0.61090819  0.69819436  0.78548509  0.87278045  0.96008037  1.04738465
      4  0.61103691  0.69838220  0.78574574  0.87312784  0.96052821  1.04794603
      6  0.61125108  0.69869484  0.78617974  0.87370649  0.96127450  1.04888194
      8  0.61155010  0.69913161  0.78678644  0.87451593  0.96231911  1.05019278

     10  0.61193318  0.69969159  0.78756494  0.87555545  0.96366180  1.05187911
     12  0.61239927  0.70037358  0.78851403  0.87682412  0.96530224  1.05394160
     14  0.61294707  0.70117608  0.78963221  0.87832076  0.96723998  1.05638099
     16  0.61357504  0.70209730  0.79091768  0.88004389  0.96947438  1.05919813
     18  0.61428140  0.70313511  0.79236827  0.88199174  0.97200462  1.06239384

     20  0.61506406  0.70428706  0.79398143  0.88416214  0.97482960  1.06596891
     22  0.61592071  0.70555037  0.79575422  0.88655254  0.97794790  1.06992405
     24  0.61684871  0.70692183  0.79768324  0.88915992  0.98135773  1.07425976
     26  0.61784515  0.70839788  0.79976461  0.89198071  0.98505681  1.07897628
     28  0.61890682  0.70997451  0.80199389  0.89501076  0.98904227  1.08407347

     30  0.62003018  0.71164728  0.80436610  0.89824524  0.99331059  1.08955067
     32  0.62121138  0.71341124  0.80687558  0.90167852  0.99785743  1.09540656
     34  0.62244622  0.71526098  0.80951599  0.90530415  1.00267749  1.10163899
     36  0.62373019  0.71719052  0.81228024  0.90911465  1.00776438  1.10824474
     38  0.62505840  0.71919335  0.81516039  0.91310148  1.01311039  1.11521933

     40  0.62642563  0.72126235  0.81814765  0.91725487  1.01870633  1.12255667
     42  0.62782630  0.72338982  0.82123227  0.92156370  1.02454127  1.13024880
     44  0.62925446  0.72556741  0.82440346  0.92601535  1.03060230  1.13828546
     46  0.63070385  0.72778615  0.82764941  0.93059558  1.03687427  1.14665369
     48  0.63216783  0.73003640  0.83095712  0.93528835  1.04333948  1.15533731

     50  0.63363946  0.73230789  0.83431247  0.94007568  1.04997735  1.16431636
     52  0.63511149  0.73458970  0.83770010  0.94493756  1.05676412  1.17356652
     54  0.63657639  0.73687028  0.84110344  0.94985177  1.06367248  1.18305833
     56  0.63802636  0.73913751  0.84450468  0.95479381  1.07067128  1.19275649
     58  0.63945343  0.74137870  0.84788483  0.95973682  1.07772516  1.20261907

     60  0.64084944  0.74358071  0.85122375  0.96465156  1.08479434  1.21259662
     62  0.64220613  0.74572998  0.85450024  0.96950647  1.09183436  1.22263139
     64  0.64351520  0.74781266  0.85769220  0.97426773  1.09879601  1.23265660
     66  0.64476839  0.74981471  0.86077677  0.97889946  1.10562535  1.24259576
     68  0.64595751  0.75172208  0.86373057  0.98336406  1.11226392  1.25236238

     70  0.64707458  0.75352078  0.86652996  0.98762253  1.11864920  1.26185988
     72  0.64811189  0.75519716  0.86915135  0.99163506  1.12471530  1.27098218
     74  0.64906209  0.75673800  0.87157159  0.99536166  1.13039401  1.27961482
     76  0.64991829  0.75813076  0.87376830  0.99876287  1.13561610  1.28763696
     78  0.65067414  0.75936376  0.87572037  1.00180067  1.14031304  1.29492436

     80  0.65132394  0.76042640  0.87740833  1.00443942  1.14441892  1.30135321
     82  0.65186270  0.76130931  0.87881481  1.00664678  1.14787262  1.30680495
     84  0.65228621  0.76200457  0.87992495  1.00839470  1.15062010  1.31117165
     86  0.65259116  0.76250582  0.88072675  1.00966028  1.15261651  1.31436170
     88  0.65277510  0.76280846  0.88121143  1.01042658  1.15382828  1.31630510

     90  0.65283658  0.76290965  0.88137359  1.01068319  1.15423455  1.31695790

alp|phi          35          40          45          50          55          60
      5  0.61113335  0.69852295  0.78594111  0.87338828  0.96086405  1.04836715
     15  0.61325114  0.70162198  0.79025416  0.87915412  0.96832014  1.05774229
     25  0.61733857  0.70764702  0.79870514  0.89054388  0.98317128  1.07657042
     35  0.62308236  0.71621617  0.81088311  0.90718679  1.00518803  1.10489545
     45  0.62997691  0.72667222  0.82601788  0.92829036  1.03371296  1.14242906

     55  0.63730374  0.73800634  0.84280548  0.95232093  1.06716268  1.18788407
     65  0.64414930  0.74882464  0.85924936  0.97660210  1.10223077  1.23764210
     75  0.64950235  0.75745364  0.87269924  0.99710535  1.13306645  1.28370993
     85  0.65245368  0.76227978  0.88036502  1.00908898  1.15171457  1.31291870
