 istep              h           x             y0             y1
     0  1.0000000E-04   0.0000000  2.0000000E+00  0.0000000E+00
    48  3.6279151E-05   0.0200000  1.9868189E+00 -6.7395077E-01
    67  6.0797539E-05   0.0400000  1.9732622E+00 -6.8176416E-01
    85  9.0198101E-04   0.0600000  1.9595463E+00 -6.8987886E-01
   104  4.2648347E-04   0.0800000  1.9456649E+00 -6.9831496E-01
   122  7.8595434E-04   0.1000000  1.9316114E+00 -7.0709511E-01
   140  9.0621653E-04   0.1200000  1.9173787E+00 -7.1624350E-01
   158  7.8482417E-04   0.1400000  1.9029590E+00 -7.2578703E-01
   176  4.2000134E-04   0.1600000  1.8883444E+00 -7.3575568E-01
   193  9.6212271E-04   0.1800000  1.8735258E+00 -7.4618282E-01
   211  1.2187942E-04   0.2000000  1.8584937E+00 -7.5710495E-01
