 istep         h         x            y0            y1            y2            y3
     0  0.000000  0.000000  9.940000E-01  0.000000E+00  0.000000E+00 -2.001585E+00
     1  0.000100  0.000100  9.939984E-01 -2.001418E-04 -3.154366E-02 -2.001085E+00
     2  0.000285  0.000385  9.939767E-01 -7.699617E-04 -1.209268E-01 -1.994217E+00
     3  0.000344  0.000730  9.939168E-01 -1.454003E-03 -2.261846E-01 -1.975563E+00
     4  0.000448  0.001178  9.937861E-01 -2.331038E-03 -3.552391E-01 -1.936090E+00
     5  0.000505  0.001682  9.935732E-01 -3.293175E-03 -4.857773E-01 -1.875136E+00
     6  0.000569  0.002251  9.932599E-01 -4.337427E-03 -6.110342E-01 -1.792290E+00
     7  0.000629  0.002880  9.928392E-01 -5.433558E-03 -7.219282E-01 -1.692196E+00
     8  0.000695  0.003575  9.923037E-01 -6.570581E-03 -8.142201E-01 -1.580278E+00
     9  0.000765  0.004341  9.916513E-01 -7.734605E-03 -8.860198E-01 -1.462913E+00
    10  0.000844  0.005185  9.908797E-01 -8.918887E-03 -9.381495E-01 -1.345312E+00
    11  0.000935  0.006120  9.899850E-01 -1.012182E-02 -9.728772E-01 -1.231128E+00
    12  0.001042  0.007161  9.889597E-01 -1.134613E-02 -9.929855E-01 -1.122511E+00
    13  0.001168  0.008330  9.877937E-01 -1.259615E-02 -1.001180E+00 -1.020608E+00
    14  0.001318  0.009648  9.864743E-01 -1.387665E-02 -9.998728E-01 -9.258989E-01
    15  0.001494  0.011142  9.849862E-01 -1.519247E-02 -9.911295E-01 -8.384374E-01
    16  0.001702  0.012844  9.833112E-01 -1.654847E-02 -9.766731E-01 -7.579903E-01
    17  0.001947  0.014790  9.814281E-01 -1.794945E-02 -9.579183E-01 -6.841557E-01
    18  0.002235  0.017026  9.793113E-01 -1.940028E-02 -9.360088E-01 -6.164225E-01
    19  0.002577  0.019603  9.769306E-01 -2.090568E-02 -9.118620E-01 -5.542332E-01
    20  0.002982  0.022585  9.742502E-01 -2.246991E-02 -8.862110E-01 -4.970185E-01
    21  0.003463  0.026048  9.712279E-01 -2.409634E-02 -8.596424E-01 -4.442181E-01
    22  0.004036  0.030085  9.678139E-01 -2.578685E-02 -8.326277E-01 -3.952904E-01
    23  0.004720  0.034805  9.639496E-01 -2.754098E-02 -8.055491E-01 -3.497139E-01
    24  0.005537  0.040342  9.595655E-01 -2.935478E-02 -7.787187E-01 -3.069842E-01
    25  0.006517  0.046859  9.545792E-01 -3.121902E-02 -7.523952E-01 -2.666087E-01
    26  0.007693  0.054552  9.488927E-01 -3.311676E-02 -7.267961E-01 -2.280982E-01
    27  0.009109  0.063661  9.423889E-01 -3.501965E-02 -7.021083E-01 -1.909574E-01
    28  0.010817  0.074477  9.349269E-01 -3.688272E-02 -6.784971E-01 -1.546733E-01
    29  0.012881  0.087358  9.263371E-01 -3.863654E-02 -6.561151E-01 -1.187014E-01
    30  0.015381  0.102739  9.164137E-01 -4.017595E-02 -6.351111E-01 -8.244863E-02
    31  0.018414  0.121153  9.049059E-01 -4.134335E-02 -6.156420E-01 -4.525223E-02
    32  0.022098  0.143250  8.915072E-01 -4.190430E-02 -5.978884E-01 -6.353532E-03
    33  0.026575  0.169825  8.758394E-01 -4.151166E-02 -5.820793E-01  3.513616E-02
    34  0.032045  0.201870  8.574174E-01 -3.965063E-02 -5.685246E-01  8.031717E-02
    35  0.038688  0.240558  8.356477E-01 -3.556085E-02 -5.577211E-01  1.304809E-01
    36  0.046667  0.287226  8.098105E-01 -2.813727E-02 -5.504853E-01  1.871257E-01
    37  0.056195  0.343421  7.789699E-01 -1.578490E-02 -5.481978E-01  2.520460E-01
    38  0.066985  0.410406  7.421246E-01  3.612057E-03 -5.532658E-01  3.267164E-01
    39  0.076360  0.486765  6.993424E-01  3.173330E-02 -5.691240E-01  4.094352E-01
    40  0.080328  0.567094  6.525361E-01  6.802151E-02 -5.986125E-01  4.934269E-01
    41  0.080283  0.647376  6.027858E-01  1.108377E-01 -6.435837E-01  5.720011E-01
    42  0.077839  0.725215  5.504347E-01  1.580328E-01 -7.045814E-01  6.385428E-01
    43  0.074230  0.799444  4.954334E-01  2.073330E-01 -7.801840E-01  6.866000E-01
    44  0.070273  0.869717  4.376527E-01  2.565693E-01 -8.663830E-01  7.105008E-01
    45  0.066341  0.936058  3.772200E-01  3.037326E-01 -9.562802E-01  7.065123E-01
    46  0.062483  0.998541  3.148039E-01  3.470257E-01 -1.040730E+00  6.744745E-01
    47  0.058831  1.057371  2.514494E-01  3.851809E-01 -1.110708E+00  6.187156E-01
    48  0.055625  1.112997  1.882034E-01  4.176718E-01 -1.159941E+00  5.469176E-01
    49  0.053358  1.166355  1.255147E-01  4.447591E-01 -1.186067E+00  4.672960E-01
    50  0.052246  1.218600  6.336324E-02  4.670663E-01 -1.189483E+00  3.868730E-01
    51  0.052345  1.270945  1.471538E-03  4.852991E-01 -1.172012E+00  3.110820E-01
    52  0.053602  1.324548 -6.045914E-02  5.001208E-01 -1.136075E+00  2.440730E-01
    53  0.056059  1.380607 -1.227487E-01  5.121816E-01 -1.084253E+00  1.888997E-01
    54  0.059413  1.440020 -1.852795E-01  5.221016E-01 -1.019475E+00  1.479952E-01
    55  0.063046  1.503066 -2.472352E-01  5.305486E-01 -9.454365E-01  1.228872E-01
    56  0.066764  1.569830 -3.076949E-01  5.383516E-01 -8.658132E-01  1.134772E-01
    57  0.070709  1.640539 -3.659840E-01  5.464697E-01 -7.833861E-01  1.182930E-01
    58  0.075193  1.715732 -4.217142E-01  5.559377E-01 -6.996980E-01  1.351768E-01
    59  0.080419  1.796151 -4.745553E-01  5.678334E-01 -6.153205E-01  1.617736E-01
    60  0.086444  1.882596 -5.240289E-01  5.832568E-01 -5.302266E-01  1.956528E-01
    61  0.093286  1.975882 -5.694292E-01  6.033071E-01 -4.440057E-01  2.342839E-01
    62  0.100845  2.076727 -6.097322E-01  6.290050E-01 -3.561265E-01  2.749357E-01
    63  0.108916  2.185643 -6.435792E-01  6.611609E-01 -2.661660E-01  3.146083E-01
    64  0.117186  2.302828 -6.693294E-01  7.001874E-01 -1.740552E-01  3.500548E-01
    65  0.125283  2.428111 -6.852127E-01  7.459047E-01 -8.029087E-02  3.779446E-01
    66  0.132873  2.560984 -6.895600E-01  7.974109E-01  1.393774E-02  3.951537E-01
    67  0.139764  2.700748 -6.810455E-01  8.530837E-01  1.067570E-01  3.990928E-01
    68  0.147969  2.848718 -6.584689E-01  9.114873E-01  1.968827E-01  3.876958E-01
    69  0.156458  3.005176 -6.208963E-01  9.701301E-01  2.814046E-01  3.592448E-01
    70  0.164651  3.169827 -5.681852E-01  1.025685E+00  3.562850E-01  3.129820E-01
    71  0.172210  3.342037 -5.013396E-01  1.074317E+00  4.168199E-01  2.495241E-01
    72  0.177971  3.520008 -4.231571E-01  1.111940E+00  4.579870E-01  1.715287E-01
    73  0.180253  3.700261 -3.386372E-01  1.135075E+00  4.756517E-01  8.414610E-02
    74  0.178627  3.878889 -2.539680E-01  1.142067E+00  4.681398E-01 -6.057759E-03
    75  0.174552  4.053441 -1.746755E-01  1.133358E+00  4.363666E-01 -9.321080E-02
    76  0.169646  4.223087 -1.048904E-01  1.110675E+00  3.826513E-01 -1.731323E-01
    77  0.164094  4.387181 -4.778424E-02  1.076417E+00  3.100734E-01 -2.429927E-01
    78  0.158076  4.545257 -5.499788E-03  1.033262E+00  2.220586E-01 -3.014680E-01
    79  0.151342  4.696599  2.074325E-02  9.839595E-01  1.223283E-01 -3.486378E-01
    80  0.143691  4.840290  3.073837E-02  9.310997E-01  1.481085E-02 -3.860253E-01
    81  0.135014  4.975304  2.533258E-02  8.768909E-01 -9.642781E-02 -4.164645E-01
    82  0.126706  5.102010  6.085477E-03  8.223886E-01 -2.084728E-01 -4.440104E-01
    83  0.119553  5.221562 -2.541607E-02  7.676096E-01 -3.190944E-01 -4.733713E-01
    84  0.111950  5.333512 -6.702116E-02  7.127234E-01 -4.240692E-01 -5.089739E-01
    85  0.104627  5.438139 -1.164045E-01  6.572070E-01 -5.188810E-01 -5.547241E-01
    86  0.097568  5.535707 -1.709962E-01  6.003863E-01 -5.979894E-01 -6.128028E-01
    87  0.090952  5.626658 -2.281546E-01  5.415916E-01 -6.555082E-01 -6.826109E-01
    88  0.084634  5.711293 -2.851232E-01  4.806225E-01 -6.863569E-01 -7.597478E-01
    89  0.078326  5.789619 -3.391507E-01  4.181271E-01 -6.885299E-01 -8.361414E-01
    90  0.072213  5.861832 -3.881688E-01  3.552924E-01 -6.649496E-01 -9.027147E-01
    91  0.067194  5.929026 -4.315145E-01  2.928608E-01 -6.221949E-01 -9.530039E-01
    92  0.063640  5.992666 -4.694354E-01  2.311306E-01 -5.677951E-01 -9.838346E-01
    93  0.061731  6.054397 -5.026693E-01  1.699645E-01 -5.084185E-01 -9.945885E-01
    94  0.061419  6.115817 -5.320682E-01  1.090454E-01 -4.494132E-01 -9.860086E-01
    95  0.062640  6.178456 -5.584716E-01  4.802894E-02 -3.949506E-01 -9.594348E-01
    96  0.065290  6.243746 -5.826727E-01 -1.328205E-02 -3.483387E-01 -9.164718E-01
    97  0.069138  6.312884 -6.054274E-01 -7.471583E-02 -3.122081E-01 -8.590425E-01
    98  0.074116  6.386999 -6.275903E-01 -1.358360E-01 -2.882742E-01 -7.892685E-01
    99  0.079234  6.466233 -6.499063E-01 -1.952590E-01 -2.772607E-01 -7.102356E-01
   100  0.084269  6.550502 -6.732351E-01 -2.515171E-01 -2.782542E-01 -6.250084E-01
   101  0.089551  6.640053 -6.985806E-01 -3.034716E-01 -2.891203E-01 -5.356725E-01
   102  0.095353  6.735406 -7.269718E-01 -3.501215E-01 -3.071349E-01 -4.433402E-01
   103  0.101712  6.837118 -7.593282E-01 -3.903612E-01 -3.292866E-01 -3.485512E-01
   104  0.108512  6.945630 -7.963326E-01 -4.228867E-01 -3.523804E-01 -2.516419E-01
   105  0.115477  7.061107 -8.382720E-01 -4.462109E-01 -3.731094E-01 -1.530920E-01
   106  0.122246  7.183353 -8.848876E-01 -4.588025E-01 -3.882108E-01 -5.377052E-02
   107  0.128452  7.311805 -9.352815E-01 -4.593064E-01 -3.947229E-01  4.493086E-02
   108  0.133822  7.445627 -9.879378E-01 -4.467786E-01 -3.902850E-01  1.411123E-01
   109  0.142124  7.587750 -1.042314E+00 -4.199473E-01 -3.727228E-01  2.349452E-01
   110  0.149523  7.737273 -1.095800E+00 -3.780817E-01 -3.404131E-01  3.231243E-01
   111  0.156939  7.894212 -1.145643E+00 -3.209596E-01 -2.925322E-01  4.024263E-01
   112  0.163681  8.057892 -1.188532E+00 -2.494141E-01 -2.295324E-01  4.688683E-01
   113  0.169587  8.227479 -1.221125E+00 -1.654100E-01 -1.532742E-01  5.184168E-01
   114  0.173837  8.401316 -1.240387E+00 -7.244591E-02 -6.739125E-02  5.473603E-01
   115  0.175528  8.576844 -1.244318E+00  2.449361E-02  2.280359E-02  5.532369E-01
   116  0.174399  8.751243 -1.232578E+00  1.197813E-01  1.112530E-01  5.356539E-01
   117  0.175114  8.926356 -1.205707E+00  2.103562E-01  1.943017E-01  4.950716E-01
   118  0.174644  9.101000 -1.165244E+00  2.916974E-01  2.670658E-01  4.329785E-01
   119  0.172458  9.273458 -1.113945E+00  3.596714E-01  3.253226E-01  3.522803E-01
   120  0.168484  9.441943 -1.055444E+00  4.112061E-01  3.662984E-01  2.569270E-01
   121  0.162964  9.604907 -9.936605E-01  4.446294E-01  3.890820E-01  1.512210E-01
   122  0.156012  9.760919 -9.323195E-01  4.596198E-01  3.946265E-01  3.932873E-02
   123  0.147651  9.908570 -8.745545E-01  4.570803E-01  3.856080E-01 -7.502866E-02
   124  0.138809 10.047379 -8.222799E-01  4.387989E-01  3.659719E-01 -1.894782E-01
   125  0.132898 10.180277 -7.753266E-01  4.059893E-01  3.397271E-01 -3.053171E-01
   126  0.125757 10.306034 -7.343348E-01  3.603916E-01  3.121855E-01 -4.208348E-01
   127  0.118631 10.424665 -6.987252E-01  3.037354E-01  2.892025E-01 -5.351823E-01
   128  0.111283 10.535948 -6.673415E-01  2.380154E-01  2.769991E-01 -6.464470E-01
   129  0.104080 10.640028 -6.384552E-01  1.652559E-01  2.812860E-01 -7.514991E-01
   130  0.097073 10.737101 -6.101352E-01  8.769265E-02  3.060902E-01 -8.452343E-01
   131  0.090188 10.827289 -5.806348E-01  7.933978E-03  3.520147E-01 -9.208150E-01
   132  0.083014 10.910303 -5.489453E-01 -7.076425E-02  4.144634E-01 -9.713269E-01
   133  0.075784 10.986087 -5.149438E-01 -1.453774E-01  4.843119E-01 -9.933843E-01
   134  0.069870 11.055957 -4.787263E-01 -2.147670E-01  5.521969E-01 -9.886521E-01
   135  0.065685 11.121642 -4.404819E-01 -2.789348E-01  6.107353E-01 -9.616749E-01
   136  0.063396 11.185038 -4.002783E-01 -3.385925E-01  6.551178E-01 -9.178970E-01
   137  0.062807 11.247845 -3.581802E-01 -3.945543E-01  6.824039E-01 -8.626758E-01
   138  0.063827 11.311672 -3.142466E-01 -4.476577E-01  6.910154E-01 -8.008795E-01
   139  0.066363 11.378035 -2.686397E-01 -4.986657E-01  6.802980E-01 -7.368401E-01
   140  0.070222 11.448257 -2.218184E-01 -5.481742E-01  6.504096E-01 -6.744493E-01
   141  0.074751 11.523008 -1.748966E-01 -5.963889E-01  6.027330E-01 -6.172800E-01
   142  0.079067 11.602075 -1.296443E-01 -6.431741E-01  5.403312E-01 -5.680328E-01
   143  0.083159 11.685234 -8.772372E-02 -6.886525E-01  4.669336E-01 -5.274756E-01
   144  0.087548 11.772782 -5.038596E-02 -7.333311E-01  3.856581E-01 -4.946262E-01
   145  0.092507 11.865289 -1.872819E-02 -7.777885E-01  2.988452E-01 -4.675737E-01
   146  0.098100 11.963389  6.126902E-03 -8.224699E-01  2.083078E-01 -4.439681E-01
   147  0.104223 12.067612  2.297174E-02 -8.675503E-01  1.156578E-01 -4.212700E-01
   148  0.110654 12.178266  3.056522E-02 -9.128319E-01  2.258013E-02 -3.969175E-01
   149  0.117052 12.295318  2.777719E-02 -9.576650E-01 -6.896503E-02 -3.685171E-01
   150  0.123899 12.419217  1.366643E-02 -1.001229E+00 -1.572775E-01 -3.338179E-01
   151  0.132679 12.551896 -1.289532E-02 -1.042714E+00 -2.412119E-01 -2.904074E-01
   152  0.140683 12.692579 -5.234251E-02 -1.079909E+00 -3.172964E-01 -2.371569E-01
   153  0.148387 12.840966 -1.044413E-01 -1.110474E+00 -3.822061E-01 -1.736572E-01
   154  0.155300 12.996266 -1.679340E-01 -1.131854E+00 -4.323806E-01 -1.007676E-01
   155  0.161634 13.157899 -2.407039E-01 -1.141691E+00 -4.646101E-01 -2.043346E-02
   156  0.167450 13.325349 -3.197800E-01 -1.138015E+00 -4.761600E-01  6.428761E-02
   157  0.172718 13.498067 -4.013906E-01 -1.119506E+00 -4.650027E-01  1.492978E-01
   158  0.177418 13.675486 -4.811333E-01 -1.085749E+00 -4.300702E-01  2.296866E-01
   159  0.180251 13.855737 -5.537398E-01 -1.037835E+00 -3.719177E-01  2.996162E-01
   160  0.179845 14.035581 -6.138602E-01 -9.788474E-01 -2.934928E-01  3.533745E-01
   161  0.176006 14.211588 -6.574902E-01 -9.133916E-01 -1.997131E-01  3.870506E-01
   162  0.169688 14.381275 -6.827443E-01 -8.463754E-01 -9.596534E-02  3.993841E-01
   163  0.161601 14.542877 -6.895766E-01 -7.822098E-01  1.289736E-02  3.914957E-01
   164  0.151994 14.694871 -6.793425E-01 -7.243956E-01  1.229389E-01  3.664468E-01
   165  0.143595 14.838465 -6.538387E-01 -6.743748E-01  2.333436E-01  3.279905E-01
   166  0.135726 14.974191 -6.147321E-01 -6.329782E-01  3.440490E-01  2.804468E-01
   167  0.127331 15.101522 -5.639451E-01 -6.004849E-01  4.549801E-01  2.292343E-01
   168  0.118641 15.220163 -5.034385E-01 -5.761994E-01  5.665169E-01  1.805193E-01
   169  0.109701 15.329864 -4.352284E-01 -5.586485E-01  6.786265E-01  1.410230E-01
   170  0.100729 15.430593 -3.613224E-01 -5.457742E-01  7.901623E-01  1.174227E-01
   171  0.092027 15.522620 -2.836673E-01 -5.352412E-01  8.982203E-01  1.154434E-01
   172  0.084042 15.606662 -2.039688E-01 -5.247573E-01  9.980563E-01  1.387818E-01
   173  0.077127 15.683789 -1.236295E-01 -5.123361E-01  1.083417E+00  1.882232E-01
   174  0.071131 15.754920 -4.417969E-02 -4.965247E-01  1.147147E+00  2.606296E-01
   175  0.065602 15.820522  3.240450E-02 -4.766500E-01  1.183212E+00  3.481161E-01
   176  0.060496 15.881019  1.043236E-01 -4.528486E-01  1.189702E+00  4.397285E-01
   177  0.056878 15.937897  1.715301E-01 -4.253545E-01  1.169134E+00  5.262661E-01
   178  0.054678 15.992575  2.343770E-01 -3.944876E-01  1.126169E+00  6.006096E-01
   179  0.053928 16.046503  2.935574E-01 -3.604656E-01  1.066253E+00  6.580494E-01
   180  0.054497 16.101000  3.497539E-01 -3.234815E-01  9.949380E-01  6.956280E-01
   181  0.056274 16.157274  4.035681E-01 -2.837762E-01  9.176251E-01  7.117690E-01
   182  0.059009 16.216283  4.553850E-01 -2.418376E-01  8.396054E-01  7.061148E-01
   183  0.062175 16.278458  5.052457E-01 -1.986586E-01  7.660516E-01  6.798043E-01
   184  0.065254 16.343712  5.530467E-01 -1.556625E-01  7.012456E-01  6.356828E-01
   185  0.068197 16.411909  5.989604E-01 -1.142401E-01  6.475914E-01  5.774798E-01
   186  0.071305 16.483214  6.435625E-01 -7.548424E-02  6.057032E-01  5.085293E-01
   187  0.074673 16.557887  6.875791E-01 -4.037166E-02  5.753398E-01  4.312829E-01
   188  0.078061 16.635948  7.316649E-01 -9.963496E-03  5.561610E-01  3.473679E-01
   189  0.080235 16.716184  7.758954E-01  1.435864E-02  5.483056E-01  2.583928E-01
   190  0.077727 16.793910  8.185902E-01  3.097149E-02  5.523467E-01  1.681537E-01
   191  0.055797 16.849708  8.496965E-01  3.843659E-02  5.641216E-01  9.843480E-02
   192  0.044012 16.893720  8.748694E-01  4.145622E-02  5.812401E-01  3.759797E-02
   193  0.034364 16.928083  8.951801E-01  4.183926E-02  6.023076E-01 -1.664467E-02
   194  0.026900 16.954983  9.116884E-01  4.073889E-02  6.265558E-01 -6.665493E-02
   195  0.021140 16.976123  9.252024E-01  3.884343E-02  6.534654E-01 -1.143097E-01
   196  0.016696 16.992819  9.363440E-01  3.655884E-02  6.826347E-01 -1.611513E-01
   197  0.013261 17.006080  9.455925E-01  3.412110E-02  7.137067E-01 -2.084884E-01
   198  0.010593 17.016672  9.533178E-01  3.166470E-02  7.463191E-01 -2.574705E-01
   199  0.008511 17.025183  9.598076E-01  2.926361E-02  7.800708E-01 -3.091477E-01
   200  0.006879 17.032062  9.652875E-01  2.695567E-02  8.144906E-01 -3.645168E-01
   201  0.005593 17.037655  9.699361E-01  2.475721E-02  8.490052E-01 -4.245558E-01
   202  0.004575 17.042230  9.738957E-01  2.267187E-02  8.828990E-01 -4.902467E-01
   203  0.003766 17.045996  9.772803E-01  2.069600E-02  9.152635E-01 -5.625872E-01
   204  0.003120 17.049116  9.801816E-01  1.882197E-02  9.449306E-01 -6.425820E-01
   205  0.002602 17.051717  9.826730E-01  1.704041E-02  9.703887E-01 -7.311984E-01
   206  0.002183 17.053900  9.848134E-01  1.534188E-02  9.896868E-01 -8.292589E-01
   207  0.001843 17.055744  9.866486E-01  1.371824E-02  1.000355E+00 -9.372359E-01
   208  0.001565 17.057308  9.882148E-01  1.216331E-02  9.993995E-01 -1.054965E+00
   209  0.001337 17.058646  9.895427E-01  1.067109E-02  9.834023E-01 -1.181470E+00
   210  0.001152 17.059798  9.906581E-01  9.235496E-03  9.487067E-01 -1.314703E+00
   211  0.001004 17.060802  9.915847E-01  7.848471E-03  8.916550E-01 -1.451476E+00
   212  0.000973 17.061775  9.924111E-01  6.363988E-03  7.988790E-01 -1.600904E+00
   213  0.000867 17.062642  9.930524E-01  4.914898E-03  6.719099E-01 -1.740720E+00
   214  0.000786 17.063429  9.935206E-01  3.498471E-03  5.116383E-01 -1.859844E+00
   215  0.000708 17.064136  9.938201E-01  2.150567E-03  3.292415E-01 -1.945264E+00
   216  0.000641 17.064777  9.939712E-01  8.871427E-04  1.391241E-01 -1.991485E+00
   217  0.000440 17.065217  9.940022E-01  9.040893E-06  1.459759E-03 -2.001246E+00
