 istep              h              x             y0             y1
     0  1.0000000E-04  0.0000000E+00  2.0000000E+00  0.0000000E+00
     1  1.0000000E-04  1.0000000E-04  1.9999909E+00 -1.7278772E-01
     2  1.5494560E-04  2.5494560E-04  1.9999488E+00 -3.5639406E-01
     3  1.6231116E-04  4.1725675E-04  1.9998805E+00 -4.7600986E-01
     4  1.7357357E-04  5.9083032E-04  1.9997906E+00 -5.5342380E-01
     5  1.8528265E-04  7.7611298E-04  1.9996831E+00 -6.0176289E-01
     6  1.9812722E-04  9.7424020E-04  1.9995607E+00 -6.3093080E-01
     7  2.1244568E-04  1.1866859E-03  1.9994247E+00 -6.4789965E-01
     8  2.2864527E-04  1.4153311E-03  1.9992754E+00 -6.5739115E-01
     9  2.4720695E-04  1.6625381E-03  1.9991122E+00 -6.6248227E-01
    10  2.6873247E-04  1.9312706E-03  1.9989337E+00 -6.6510021E-01
    11  2.9400303E-04  2.2252736E-03  1.9987380E+00 -6.6640103E-01
    12  3.2406486E-04  2.5493384E-03  1.9985219E+00 -6.6704529E-01
    13  3.6036024E-04  2.9096987E-03  1.9982814E+00 -6.6739012E-01
    14  4.0493665E-04  3.3146353E-03  1.9980111E+00 -6.6761699E-01
    15  4.6079395E-04  3.7754293E-03  1.9977035E+00 -6.6781264E-01
    16  5.3247888E-04  4.3079082E-03  1.9973478E+00 -6.6801745E-01
    17  6.2708329E-04  4.9349915E-03  1.9969288E+00 -6.6825266E-01
    18  7.5537395E-04  5.6903654E-03  1.9964240E+00 -6.6853487E-01
    19  9.2670993E-04  6.6170753E-03  1.9958043E+00 -6.6888137E-01
    20  1.1123908E-03  7.7294662E-03  1.9950600E+00 -6.6929804E-01
    21  1.3318745E-03  9.0613407E-03  1.9941682E+00 -6.6979802E-01
    22  1.5822031E-03  1.0643544E-02  1.9931080E+00 -6.7039355E-01
    23  1.5705184E-03  1.2214062E-02  1.9920547E+00 -6.7098639E-01
    24  1.5705184E-03  1.3784580E-02  1.9910004E+00 -6.7158092E-01
    25  1.5807790E-03  1.5365359E-02  1.9899383E+00 -6.7218107E-01
    26  1.5807790E-03  1.6946138E-02  1.9888752E+00 -6.7278295E-01
    27  1.5850795E-03  1.8531218E-02  1.9878084E+00 -6.7338823E-01
    28  1.5850795E-03  2.0116297E-02  1.9867405E+00 -6.7399528E-01
    29  1.5898214E-03  2.1706119E-02  1.9856685E+00 -6.7460592E-01
    30  1.5898214E-03  2.3295940E-02  1.9845955E+00 -6.7521837E-01
    31  1.5946338E-03  2.4890574E-02  1.9835183E+00 -6.7583447E-01
    32  1.5946338E-03  2.6485208E-02  1.9824401E+00 -6.7645241E-01
    33  1.5995391E-03  2.8084747E-02  1.9813576E+00 -6.7707408E-01
    34  1.5995391E-03  2.9684286E-02  1.9802741E+00 -6.7769762E-01
    35  1.6044765E-03  3.1288763E-02  1.9791862E+00 -6.7832494E-01
    36  1.6044765E-03  3.2893239E-02  1.9780973E+00 -6.7895416E-01
    37  1.6094484E-03  3.4502687E-02  1.9770041E+00 -6.7958722E-01
    38  1.6094484E-03  3.6112136E-02  1.9759098E+00 -6.8022221E-01
    39  1.6144981E-03  3.7726634E-02  1.9748111E+00 -6.8086112E-01
    40  1.6144981E-03  3.9341132E-02  1.9737113E+00 -6.8150198E-01
    41  1.6196110E-03  4.0960743E-02  1.9726070E+00 -6.8214683E-01
    42  1.6196110E-03  4.2580354E-02  1.9715017E+00 -6.8279367E-01
    43  1.6247770E-03  4.4205131E-02  1.9703918E+00 -6.8344457E-01
    44  1.6247770E-03  4.5829908E-02  1.9692808E+00 -6.8409749E-01
    45  1.6300082E-03  4.7459916E-02  1.9681652E+00 -6.8475454E-01
    46  1.6300082E-03  4.9089924E-02  1.9670485E+00 -6.8541364E-01
    47  1.6353215E-03  5.0725246E-02  1.9659271E+00 -6.8607696E-01
    48  1.6353215E-03  5.2360568E-02  1.9648046E+00 -6.8674237E-01
    49  1.6407018E-03  5.4001269E-02  1.9636773E+00 -6.8741207E-01
    50  1.6407018E-03  5.5641971E-02  1.9625489E+00 -6.8808389E-01
    51  1.6461412E-03  5.7288112E-02  1.9614157E+00 -6.8876008E-01
    52  1.6461412E-03  5.8934254E-02  1.9602813E+00 -6.8943843E-01
    53  1.6516658E-03  6.0585919E-02  1.9591420E+00 -6.9012124E-01
    54  1.6516658E-03  6.2237585E-02  1.9580016E+00 -6.9080624E-01
    55  1.6572333E-03  6.3894819E-02  1.9568562E+00 -6.9149577E-01
    56  1.6572333E-03  6.5552052E-02  1.9557097E+00 -6.9218754E-01
    57  1.6629023E-03  6.7214954E-02  1.9545581E+00 -6.9288393E-01
    58  1.6629023E-03  6.8877856E-02  1.9534053E+00 -6.9358260E-01
    59  1.6686364E-03  7.0546493E-02  1.9522473E+00 -6.9428597E-01
    60  1.6686364E-03  7.2215129E-02  1.9510882E+00 -6.9499167E-01
    61  1.6744595E-03  7.3889589E-02  1.9499239E+00 -6.9570217E-01
    62  1.6744595E-03  7.5564048E-02  1.9487584E+00 -6.9641503E-01
    63  1.6803598E-03  7.7244408E-02  1.9475876E+00 -6.9713278E-01
    64  1.6803598E-03  7.8924768E-02  1.9464155E+00 -6.9785294E-01
    65  1.6863504E-03  8.0611118E-02  1.9452381E+00 -6.9857810E-01
    66  1.6863504E-03  8.2297469E-02  1.9440594E+00 -6.9930570E-01
    67  1.6924401E-03  8.3989909E-02  1.9428753E+00 -7.0003841E-01
    68  1.6924401E-03  8.5682349E-02  1.9416899E+00 -7.0077361E-01
    69  1.6985786E-03  8.7380927E-02  1.9404989E+00 -7.0151400E-01
    70  1.6985786E-03  8.9079506E-02  1.9393067E+00 -7.0225693E-01
    71  1.7048674E-03  9.0784373E-02  1.9381088E+00 -7.0300518E-01
    72  1.7048674E-03  9.2489241E-02  1.9369097E+00 -7.0375603E-01
    73  1.7112371E-03  9.4200478E-02  1.9357047E+00 -7.0451230E-01
    74  1.7112371E-03  9.5911715E-02  1.9344985E+00 -7.0527121E-01
    75  1.7177166E-03  9.7629431E-02  1.9332864E+00 -7.0603566E-01
    76  1.7177166E-03  9.9347148E-02  1.9320730E+00 -7.0680281E-01
    77  1.7243099E-03  1.0107146E-01  1.9308535E+00 -7.0757563E-01
    78  1.7243099E-03  1.0279577E-01  1.9296328E+00 -7.0835119E-01
    79  1.7309955E-03  1.0452676E-01  1.9284060E+00 -7.0913254E-01
    80  1.7309955E-03  1.0625776E-01  1.9271778E+00 -7.0991669E-01
    81  1.7378225E-03  1.0799558E-01  1.9259434E+00 -7.1070676E-01
    82  1.7378225E-03  1.0973340E-01  1.9247076E+00 -7.1149970E-01
    83  1.7447650E-03  1.1147817E-01  1.9234655E+00 -7.1229870E-01
    84  1.7447650E-03  1.1322293E-01  1.9222220E+00 -7.1310061E-01
    85  1.7518540E-03  1.1497479E-01  1.9209721E+00 -7.1390873E-01
    86  1.7518540E-03  1.1672664E-01  1.9197207E+00 -7.1471983E-01
    87  1.7590865E-03  1.1848573E-01  1.9184627E+00 -7.1553729E-01
    88  1.7590865E-03  1.2024481E-01  1.9172033E+00 -7.1635780E-01
    89  1.9575837E-03  1.2220240E-01  1.9158001E+00 -7.1727448E-01
    90  1.7664712E-03  1.2396887E-01  1.9145323E+00 -7.1810495E-01
    91  1.8727464E-03  1.2584162E-01  1.9131866E+00 -7.1898879E-01
    92  1.8808723E-03  1.2772249E-01  1.9118335E+00 -7.1988002E-01
    93  1.8602812E-03  1.2958277E-01  1.9104935E+00 -7.2076504E-01
    94  1.8868520E-03  1.3146962E-01  1.9091327E+00 -7.2166631E-01
    95  1.8690497E-03  1.3333867E-01  1.9077830E+00 -7.2256269E-01
    96  1.8879238E-03  1.3522660E-01  1.9064180E+00 -7.2347179E-01
    97  1.8784180E-03  1.3710501E-01  1.9050582E+00 -7.2438001E-01
    98  1.8901327E-03  1.3899515E-01  1.9036881E+00 -7.2529764E-01
    99  1.8862617E-03  1.4088141E-01  1.9023191E+00 -7.2621716E-01
   100  1.8936517E-03  1.4277506E-01  1.9009431E+00 -7.2714409E-01
   101  1.8930160E-03  1.4466808E-01  1.8995657E+00 -7.2807456E-01
   102  1.8980215E-03  1.4656610E-01  1.8981829E+00 -7.2901138E-01
   103  1.8991588E-03  1.4846526E-01  1.8967975E+00 -7.2995268E-01
   104  1.9029308E-03  1.5036819E-01  1.8954075E+00 -7.3089982E-01
   105  1.9049733E-03  1.5227316E-01  1.8940143E+00 -7.3185198E-01
   106  1.9081634E-03  1.5418132E-01  1.8926169E+00 -7.3280977E-01
   107  1.9106301E-03  1.5609195E-01  1.8912158E+00 -7.3377289E-01
   108  1.9135709E-03  1.5800552E-01  1.8898108E+00 -7.3474163E-01
   109  1.9162445E-03  1.5992177E-01  1.8884019E+00 -7.3571588E-01
   110  1.9190996E-03  1.6184087E-01  1.8869891E+00 -7.3669580E-01
   111  1.9218618E-03  1.6376273E-01  1.8855723E+00 -7.3768138E-01
   112  1.9246877E-03  1.6568742E-01  1.8841515E+00 -7.3867271E-01
   113  1.9275138E-03  1.6761493E-01  1.8827268E+00 -7.3966984E-01
   114  1.9303367E-03  1.6954527E-01  1.8812980E+00 -7.4067282E-01
   115  1.9331897E-03  1.7147846E-01  1.8798651E+00 -7.4168172E-01
   116  1.9360544E-03  1.7341451E-01  1.8784282E+00 -7.4269660E-01
   117  1.9389030E-03  1.7535342E-01  1.8769872E+00 -7.4371750E-01
   118  1.9417982E-03  1.7729521E-01  1.8755421E+00 -7.4474449E-01
   119  1.9446579E-03  1.7923987E-01  1.8740928E+00 -7.4577763E-01
   120  1.9475803E-03  1.8118745E-01  1.8726393E+00 -7.4681699E-01
   121  1.9504771E-03  1.8313793E-01  1.8711817E+00 -7.4786263E-01
   122  1.9534008E-03  1.8509133E-01  1.8697198E+00 -7.4891460E-01
   123  1.9563231E-03  1.8704765E-01  1.8682536E+00 -7.4997298E-01
   124  1.9592601E-03  1.8900691E-01  1.8667832E+00 -7.5103782E-01
   125  1.9621976E-03  1.9096911E-01  1.8653084E+00 -7.5210920E-01
   126  1.9651548E-03  1.9293427E-01  1.8638294E+00 -7.5318717E-01
   127  1.9681129E-03  1.9490238E-01  1.8623459E+00 -7.5427181E-01
   128  1.9710744E-03  1.9687345E-01  1.8608581E+00 -7.5536317E-01
   129  1.9740575E-03  1.9884751E-01  1.8593659E+00 -7.5646134E-01
   130  1.1524901E-03  2.0000000E-01  1.8584937E+00 -7.5710487E-01
