     s              h           x             y0             y1
     0  1.0000000E-04   0.0000000  2.0000000E+00  0.0000000E+00
    28  1.4687821E-03   0.0200000  1.9868189E+00 -6.7395067E-01
    41  6.5886794E-04   0.0400000  1.9732622E+00 -6.8176408E-01
    53  1.0657463E-03   0.0600000  1.9595463E+00 -6.8987877E-01
    65  1.0752322E-03   0.0800000  1.9456649E+00 -6.9831503E-01
    77  6.5285211E-04   0.1000000  1.9316114E+00 -7.0709510E-01
    88  1.5142717E-03   0.1200000  1.9173787E+00 -7.1624339E-01
    99  1.0048542E-03   0.1400000  1.9029590E+00 -7.2578707E-01
   110  7.8231442E-05   0.1600000  1.8883444E+00 -7.3575574E-01
   120  7.6012877E-04   0.1800000  1.8735258E+00 -7.4618276E-01
   130  1.1524901E-03   0.2000000  1.8584937E+00 -7.5710487E-01
