x n z ypdf ycdf
0 0 0.25 0 0
0.25 0 0.25 1.34267554901169e-06 1.46828105639037e-08
0.5 0 0.25 0.0683494950964322 0.00278061786230952
0.75 0 0.25 1.09740697536329 0.124922017154603
1 0 0.25 1.59576912160573 0.5
1.25 0 0.25 0.857158800562558 0.813957381056098
1.5 0 0.25 0.285553775719259 0.947583382357198
1.75 0 0.25 0.0744506640209658 0.987404566114261
2 0 0.25 0.017087373774108 0.99721938213769
2.25 0 0.25 0.00368149296198414 0.99941010348623
2.5 0 0.25 0.000772680788226295 0.999876409413847
2.75 0 0.25 0.000161511159303679 0.999973994740764
3 0 0.25 3.40783542739241e-05 0.999994447300413
0 0 0.5 0 0
0.25 0 0.5 0.0683494950964322 0.00278061786230952
0.5 0 0.5 0.610455304190183 0.0828285190016985
0.75 0 0.5 0.90155770372944 0.282522523985944
1 0 0.5 0.797884560802865 0.5
1.25 0 0.5 0.57780375455939 0.672305064288457
1.5 0 0.5 0.382869771988593 0.791297126615529
1.75 0 0.5 0.243717185734742 0.868479321024816
2 0 0.5 0.152613826047546 0.917171480998301
2.25 0 0.5 0.0951845919064197 0.947583382357198
2.5 0 0.5 0.0595309165702857 0.966567581591083
2.75 0 0.5 0.0374756056628331 0.97847382811175
3 0 0.5 0.0237944822614366 0.985997794426055
0 0 1 0 0
0.25 0 1 0.610455304190183 0.0828285190016985
0.5 0 1 0.627496077115924 0.244108595785583
0.75 0 1 0.510361006313849 0.386795057134097
1 0 1 0.398942280401433 0.5
1.25 0 1 0.311306099911394 0.588288108142545
1.5 0 1 0.24497365171051 0.657432169485154
1.75 0 1 0.194925228762767 0.712129233150075
2 0 1 0.156874019278981 0.755891404214417
2.25 0 1 0.127623257329531 0.791297126615529
2.5 0 1 0.10487106688965 0.820242786104215
2.75 0 1 0.086968643299711 0.844135545087431
3 0 1 0.0727282561399947 0.864031392358576
0 0.5 0.25 0 0
0.25 0.5 0.25 2.77269555237383e-12 2.25836044469474e-14
0.5 0.5 0.25 3.61331963982621e-05 9.09364730874628e-07
0.75 0.5 0.25 0.0148685582863174 0.000814319615596294
1 0.5 0.25 0.215963866052752 0.0227501319481792
1.25 0.5 0.25 0.691436702328259 0.134054939312812
1.5 0.5 0.25 0.990441925092644 0.352663458031298
1.75 0.5 0.25 0.886306636504786 0.594239054137485
2 0.5 0.25 0.592006289789127 0.780117089512224
2.25 0.5 0.25 0.327261680101392 0.893198842948483
2.5 0.5 0.25 0.15956264240432 0.952059872506144
2.75 0.5 0.25 0.0714949095869118 0.979641663205033
3 0.5 0.25 0.0302593564587463 0.991677324435874
0 0.5 0.5 0 0
0.25 0.5 0.5 0.00259100402199152 8.07812434683331e-05
0.5 0.5 0.5 0.092564964593887 0.00850956125608893
0.75 0.5 0.5 0.307587593706764 0.0575862078067135
1 0.5 0.5 0.483941449038287 0.158655253931457
1.25 0.5 0.5 0.547587019433349 0.289887673601522
1.5 0.5 0.5 0.5225000746236 0.425019061690486
1.75 0.5 0.5 0.452704707931436 0.547454054425741
2 0.5 0.5 0.370259858375548 0.650360661899309
2.25 0.5 0.5 0.29227013995011 0.732983177624653
2.5 0.5 0.5 0.225670788129207 0.797459591674771
2.75 0.5 0.5 0.171896410182678 0.846893784494822
3 0.5 0.5 0.129888747211947 0.884390483611032
0 0.5 1 0 0
0.25 0.5 1 0.269362457557087 0.0296276493666574
0.5 0.5 1 0.391569816025209 0.116405868261998
0.75 0.5 1 0.390050919958956 0.215441347245306
1 0.5 1 0.3520653267643 0.308537538725987
1.25 0.5 1 0.30715375347698 0.390945167383459
1.5 0.5 1 0.264775742972154 0.462342133410526
1.75 0.5 1 0.227562274900022 0.523769178110117
2 0.5 1 0.195784908012604 0.576578148239245
2.25 0.5 1 0.168940693936602 0.622073163500329
2.5 0.5 1 0.146331855780068 0.661401363163834
2.75 0.5 1 0.127274743909652 0.695534826353484
3 0.5 1 0.111167283015234 0.725284270276039
0 1 0.25 0 0
0.25 1 0.25 1.04870989008785e-19 6.79373979955605e-22
0.5 1 0.25 3.49864215711348e-10 6.32490898750125e-12
0.75 1 0.25 3.68970865858203e-06 1.29738437649915e-07
1 1 0.25 0.000535320903059541 3.16712418331199e-05
1.25 1 0.25 0.0102156414444636 0.000943621791840118
1.5 1 0.25 0.0629205045691068 0.00870011928979628
1.75 1 0.25 0.193250888489884 0.039073790982167
2 1 0.25 0.375663841130233 0.1098340248681
2.25 1 0.25 0.532829681161895 0.22474092756208
2.5 1 0.25 0.603509898642491 0.368873996655332
2.75 1 0.25 0.579655259123555 0.518505735005762
3 1 0.25 0.49211072915005 0.653375270437936
0 1 0.5 0 0
0.25 1 0.5 3.61331963982621e-05 9.09364730874628e-07
0.5 1 0.5 0.00516350884349193 0.000354216744666189
0.75 1 0.5 0.0386055388369465 0.00500673010533327
1 1 0.5 0.107981933026376 0.0227501319481792
1.25 1 0.5 0.190911217720882 0.0601264576196979
1.5 1 0.5 0.262317431988743 0.117206103768475
1.75 1 0.5 0.309349476565862 0.189221586742651
2 1 0.5 0.330464565983484 0.26970493073491
2.25 1 0.5 0.330147308364215 0.352663458031298
2.5 1 0.5 0.314712244350577 0.433520370594661
2.75 1 0.5 0.290061756093321 0.509255357914229
3 1 0.5 0.260838872701926 0.578174100802873
0 1 1 0 0
0.25 1 1 0.092564964593887 0.00850956125608893
0.5 1 1 0.190297804810106 0.0452137277902241
0.75 1 1 0.232162198388357 0.0989283283290916
1 1 1 0.241970724519143 0.158655253931457
1.25 1 1 0.236020867689781 0.218621734185903
1.5 1 1 0.222876045876283 0.276077206174196
1.75 1 1 0.206899223293204 0.329829428833277
2 1 1 0.190297804810106 0.379477701120085
2.25 1 1 0.1741666915412 0.425019061690486
2.5 1 1 0.159018793463368 0.466643794056493
2.75 1 1 0.145060158635938 0.504627990352803
3 1 1 0.132335751529021 0.539276943682299
